Algorithm is: C4.5


Accurracy avg: 0.7533530207948812

Acurracy std: 0.04568328992272775

Precission avg: 0.9907407407407407

Precission std: 0.026189140043946214

Recall avg: 0.511063011063011

Recall std: 0.08860336987443793

AUC avg: 0.7512025012025013

AUC std: 0.045358370862075226

Confusion matrix sum:
['TN', 'FP', 'FN', 'TP']
[[190, 1], [93, 97]]

Predicted Target Prob:
[0.3391003460207612, 1.0, 0.3391003460207612, 1.0, 0.3391003460207612, 1.0, 0.3391003460207612, 1.0, 0.3391003460207612, 0.3391003460207612, 0.3391003460207612, 0.3391003460207612, 0.3391003460207612, 1.0, 0.3391003460207612, 1.0, 1.0, 1.0, 0.3391003460207612, 0.3391003460207612, 0.3391003460207612, 0.3391003460207612, 0.3391003460207612, 1.0, 0.3391003460207612, 0.3391003460207612, 0.3391003460207612, 0.3391003460207612, 0.3391003460207612, 0.3391003460207612, 0.3391003460207612, 0.3391003460207612, 0.3391003460207612, 0.3391003460207612, 0.3391003460207612, 0.3391003460207612, 0.3391003460207612, 0.3391003460207612, 0.3391003460207612, 0.3391003460207612, 0.3391003460207612, 0.3391003460207612, 0.3391003460207612, 1.0, 0.22844827586206898, 1.0, 0.9, 0.9, 0.9, 0.22844827586206898, 0.22844827586206898, 0.22844827586206898, 0.9, 0.22844827586206898, 0.22844827586206898, 0.22844827586206898, 0.9, 1.0, 0.9, 0.22844827586206898, 0.22844827586206898, 1.0, 0.22844827586206898, 0.22844827586206898, 0.22844827586206898, 1.0, 0.22844827586206898, 0.22844827586206898, 0.22844827586206898, 0.9, 0.22844827586206898, 0.22844827586206898, 0.22844827586206898, 0.22844827586206898, 0.22844827586206898, 0.375, 0.22844827586206898, 0.22844827586206898, 0.22844827586206898, 0.22844827586206898, 0.375, 0.22844827586206898, 0.22844827586206898, 0.22844827586206898, 0.22844827586206898, 0.22844827586206898, 0.3402777777777778, 0.3402777777777778, 1.0, 1.0, 0.3402777777777778, 1.0, 1.0, 1.0, 0.3402777777777778, 1.0, 0.3402777777777778, 1.0, 1.0, 1.0, 0.3402777777777778, 0.3402777777777778, 1.0, 0.3402777777777778, 1.0, 0.3402777777777778, 1.0, 0.3402777777777778, 0.3402777777777778, 0.3402777777777778, 0.3402777777777778, 0.3402777777777778, 0.3402777777777778, 0.3402777777777778, 0.3402777777777778, 0.3402777777777778, 0.3402777777777778, 0.3402777777777778, 0.3402777777777778, 0.3402777777777778, 0.3402777777777778, 0.3402777777777778, 0.3402777777777778, 0.3402777777777778, 0.3402777777777778, 0.3402777777777778, 0.3402777777777778, 0.3402777777777778, 0.3402777777777778, 1.0, 1.0, 0.3391003460207612, 0.3391003460207612, 0.3391003460207612, 0.3391003460207612, 0.3391003460207612, 0.3391003460207612, 1.0, 1.0, 0.3391003460207612, 0.3391003460207612, 1.0, 0.3391003460207612, 0.3391003460207612, 0.3391003460207612, 0.3391003460207612, 1.0, 0.3391003460207612, 1.0, 1.0, 0.3391003460207612, 0.3391003460207612, 0.3391003460207612, 0.3391003460207612, 0.3391003460207612, 0.3391003460207612, 0.3391003460207612, 0.3391003460207612, 0.3391003460207612, 0.3391003460207612, 0.3391003460207612, 0.3391003460207612, 0.3391003460207612, 0.3391003460207612, 0.3391003460207612, 0.3391003460207612, 0.3391003460207612, 0.3391003460207612, 0.3391003460207612, 0.3391003460207612, 0.3391003460207612, 0.3436426116838488, 0.3436426116838488, 1.0, 1.0, 1.0, 0.3436426116838488, 0.3436426116838488, 1.0, 1.0, 1.0, 1.0, 1.0, 0.3436426116838488, 0.3436426116838488, 1.0, 0.3436426116838488, 0.3436426116838488, 1.0, 0.3436426116838488, 0.3436426116838488, 0.3436426116838488, 0.3436426116838488, 0.3436426116838488, 0.3436426116838488, 0.3436426116838488, 0.3436426116838488, 0.3436426116838488, 0.3436426116838488, 0.3436426116838488, 0.3436426116838488, 0.3436426116838488, 0.3436426116838488, 0.3436426116838488, 0.3436426116838488, 0.3436426116838488, 0.3436426116838488, 0.3436426116838488, 0.3436426116838488, 0.3436426116838488, 0.3436426116838488, 0.3436426116838488, 0.3436426116838488, 0.3368055555555556, 1.0, 0.3368055555555556, 0.3368055555555556, 1.0, 1.0, 0.3368055555555556, 0.3368055555555556, 0.3368055555555556, 0.3368055555555556, 0.3368055555555556, 0.3368055555555556, 0.3368055555555556, 1.0, 1.0, 1.0, 0.3368055555555556, 1.0, 0.3368055555555556, 0.3368055555555556, 1.0, 1.0, 0.3368055555555556, 0.3368055555555556, 0.3368055555555556, 0.3368055555555556, 0.3368055555555556, 0.3368055555555556, 0.3368055555555556, 0.3368055555555556, 0.3368055555555556, 0.3368055555555556, 0.3368055555555556, 0.3368055555555556, 0.3368055555555556, 0.3368055555555556, 0.3368055555555556, 0.3368055555555556, 0.3368055555555556, 0.3368055555555556, 0.3368055555555556, 0.3368055555555556, 1.0, 1.0, 1.0, 1.0, 0.3413793103448276, 0.3413793103448276, 0.3413793103448276, 1.0, 1.0, 1.0, 1.0, 1.0, 0.3413793103448276, 0.3413793103448276, 1.0, 1.0, 1.0, 0.3413793103448276, 0.3413793103448276, 0.3413793103448276, 0.3413793103448276, 0.3413793103448276, 0.3413793103448276, 0.3413793103448276, 0.3413793103448276, 0.3413793103448276, 0.3413793103448276, 0.3413793103448276, 0.3413793103448276, 0.3413793103448276, 0.3413793103448276, 0.3413793103448276, 0.3413793103448276, 0.3413793103448276, 0.3413793103448276, 0.3413793103448276, 0.3413793103448276, 0.3413793103448276, 0.3413793103448276, 0.3413793103448276, 0.3413793103448276, 0.3413793103448276, 1.0, 1.0, 1.0, 1.0, 0.3413793103448276, 0.3413793103448276, 1.0, 0.3413793103448276, 1.0, 1.0, 1.0, 1.0, 1.0, 1.0, 1.0, 0.3413793103448276, 0.3413793103448276, 1.0, 0.3413793103448276, 0.3413793103448276, 0.3413793103448276, 0.3413793103448276, 1.0, 0.3413793103448276, 0.3413793103448276, 0.3413793103448276, 0.3413793103448276, 0.3413793103448276, 0.3413793103448276, 0.3413793103448276, 0.3413793103448276, 0.3413793103448276, 0.3413793103448276, 0.3413793103448276, 0.3413793103448276, 0.3413793103448276, 0.3413793103448276, 0.3413793103448276, 0.3413793103448276, 0.3413793103448276, 0.3413793103448276, 0.3413793103448276, 1.0, 1.0, 1.0, 0.3321678321678322, 1.0, 0.3321678321678322, 1.0, 1.0, 0.3321678321678322, 0.3321678321678322, 1.0, 1.0, 0.3321678321678322, 0.3321678321678322, 1.0, 1.0, 1.0, 0.3321678321678322, 0.3321678321678322, 0.3321678321678322, 0.3321678321678322, 0.3321678321678322, 1.0, 0.3321678321678322, 0.3321678321678322, 0.3321678321678322, 0.3321678321678322, 0.3321678321678322, 0.3321678321678322, 0.3321678321678322, 0.3321678321678322, 0.3321678321678322, 0.3321678321678322, 0.3321678321678322, 0.3321678321678322, 0.3321678321678322, 0.3321678321678322, 0.3321678321678322, 0.3321678321678322, 0.3321678321678322, 0.3321678321678322, 0.3321678321678322]

Predicted Target Categ:
[0, 1, 0, 1, 0, 1, 0, 1, 0, 0, 0, 0, 0, 1, 0, 1, 1, 1, 0, 0, 0, 0, 0, 1, 0, 0, 0, 0, 0, 0, 0, 0, 0, 0, 0, 0, 0, 0, 0, 0, 0, 0, 0, 1, 0, 1, 1, 1, 1, 0, 0, 0, 1, 0, 0, 0, 1, 1, 1, 0, 0, 1, 0, 0, 0, 1, 0, 0, 0, 1, 0, 0, 0, 0, 0, 0, 0, 0, 0, 0, 0, 0, 0, 0, 0, 0, 0, 0, 1, 1, 0, 1, 1, 1, 0, 1, 0, 1, 1, 1, 0, 0, 1, 0, 1, 0, 1, 0, 0, 0, 0, 0, 0, 0, 0, 0, 0, 0, 0, 0, 0, 0, 0, 0, 0, 0, 0, 0, 0, 1, 1, 0, 0, 0, 0, 0, 0, 1, 1, 0, 0, 1, 0, 0, 0, 0, 1, 0, 1, 1, 0, 0, 0, 0, 0, 0, 0, 0, 0, 0, 0, 0, 0, 0, 0, 0, 0, 0, 0, 0, 0, 0, 0, 1, 1, 1, 0, 0, 1, 1, 1, 1, 1, 0, 0, 1, 0, 0, 1, 0, 0, 0, 0, 0, 0, 0, 0, 0, 0, 0, 0, 0, 0, 0, 0, 0, 0, 0, 0, 0, 0, 0, 0, 0, 1, 0, 0, 1, 1, 0, 0, 0, 0, 0, 0, 0, 1, 1, 1, 0, 1, 0, 0, 1, 1, 0, 0, 0, 0, 0, 0, 0, 0, 0, 0, 0, 0, 0, 0, 0, 0, 0, 0, 0, 0, 1, 1, 1, 1, 0, 0, 0, 1, 1, 1, 1, 1, 0, 0, 1, 1, 1, 0, 0, 0, 0, 0, 0, 0, 0, 0, 0, 0, 0, 0, 0, 0, 0, 0, 0, 0, 0, 0, 0, 0, 0, 0, 1, 1, 1, 1, 0, 0, 1, 0, 1, 1, 1, 1, 1, 1, 1, 0, 0, 1, 0, 0, 0, 0, 1, 0, 0, 0, 0, 0, 0, 0, 0, 0, 0, 0, 0, 0, 0, 0, 0, 0, 0, 0, 1, 1, 1, 0, 1, 0, 1, 1, 0, 0, 1, 1, 0, 0, 1, 1, 1, 0, 0, 0, 0, 0, 1, 0, 0, 0, 0, 0, 0, 0, 0, 0, 0, 0, 0, 0, 0, 0, 0, 0, 0, 0]

Real Target:
[1, 1, 1, 1, 1, 1, 1, 1, 1, 1, 1, 1, 1, 1, 1, 1, 1, 1, 1, 1, 0, 0, 1, 1, 0, 0, 0, 0, 0, 0, 0, 0, 0, 0, 0, 0, 0, 0, 0, 0, 0, 0, 0, 1, 1, 1, 1, 1, 1, 1, 1, 1, 1, 1, 1, 1, 1, 1, 1, 0, 0, 1, 1, 1, 1, 1, 0, 0, 0, 0, 0, 0, 0, 0, 0, 0, 0, 0, 0, 0, 0, 0, 0, 0, 0, 0, 1, 1, 1, 1, 1, 1, 1, 1, 1, 1, 1, 1, 1, 1, 1, 1, 1, 1, 1, 1, 1, 0, 0, 0, 0, 0, 0, 0, 0, 0, 0, 0, 0, 0, 0, 0, 0, 0, 0, 0, 0, 0, 0, 1, 1, 1, 1, 1, 1, 1, 1, 1, 1, 1, 1, 1, 0, 0, 1, 1, 1, 1, 1, 1, 1, 1, 0, 0, 0, 0, 0, 0, 0, 0, 0, 0, 0, 0, 0, 0, 0, 0, 0, 0, 0, 1, 1, 1, 1, 1, 1, 1, 1, 1, 1, 1, 1, 1, 1, 1, 1, 1, 1, 1, 0, 0, 0, 1, 1, 0, 0, 0, 0, 0, 0, 0, 0, 0, 0, 0, 0, 0, 0, 0, 0, 0, 0, 1, 1, 1, 1, 1, 1, 1, 1, 1, 1, 1, 1, 0, 1, 1, 1, 1, 1, 1, 1, 1, 1, 0, 0, 0, 0, 0, 0, 0, 0, 0, 0, 0, 0, 0, 0, 0, 0, 0, 0, 0, 0, 1, 1, 1, 1, 1, 1, 1, 1, 1, 1, 1, 1, 1, 1, 1, 1, 1, 1, 1, 0, 1, 1, 0, 0, 0, 0, 0, 0, 0, 0, 0, 0, 0, 0, 0, 0, 0, 0, 0, 0, 0, 0, 1, 1, 1, 1, 1, 1, 1, 1, 1, 1, 1, 1, 1, 1, 1, 1, 1, 1, 1, 0, 0, 1, 1, 0, 0, 0, 0, 0, 0, 0, 0, 0, 0, 0, 0, 0, 0, 0, 0, 0, 0, 0, 1, 1, 1, 1, 1, 1, 1, 1, 1, 1, 1, 1, 1, 1, 1, 1, 1, 1, 0, 0, 1, 1, 1, 0, 0, 0, 0, 0, 0, 0, 0, 0, 0, 0, 0, 0, 0, 0, 0, 0, 0, 0]


