Algorithm is: CART


Accurracy avg: 0.767173156062045

Acurracy std: 0.06095324212342742

Precission avg: 0.837452946882061

Precission std: 0.043683028332501976

Recall avg: 0.8835978835978836

Recall std: 0.12317933044256948

AUC avg: 0.7857142857142858

AUC std: 0.05399807247611482

Confusion matrix sum:
['TN', 'FP', 'FN', 'TP']
[[16, 34], [22, 168]]

Predicted Target Prob:
[0.9545454545454546, 1.0, 1.0, 1.0, 0.5384615384615384, 0.9285714285714286, 1.0, 1.0, 0.84375, 0.5384615384615384, 0.5384615384615384, 0.9545454545454546, 0.9285714285714286, 0.84375, 0.5384615384615384, 1.0, 1.0, 0.9545454545454546, 0.84375, 0.5384615384615384, 0.5384615384615384, 1.0, 1.0, 0.5384615384615384, 1.0, 0.5384615384615384, 0.5384615384615384, 0.9411764705882353, 0.9411764705882353, 1.0, 1.0, 0.9411764705882353, 0.9411764705882353, 0.5131578947368421, 1.0, 0.5131578947368421, 0.7142857142857143, 0.5131578947368421, 0.5131578947368421, 0.5131578947368421, 1.0, 0.9090909090909091, 1.0, 0.5131578947368421, 0.5131578947368421, 1.0, 0.5131578947368421, 0.5131578947368421, 0.5131578947368421, 0.5714285714285714, 0.5131578947368421, 0.5131578947368421, 0.5131578947368421, 0.5131578947368421, 0.7333333333333333, 0.4927536231884058, 1.0, 0.8333333333333334, 0.4927536231884058, 1.0, 1.0, 0.8333333333333334, 1.0, 1.0, 0.8333333333333334, 1.0, 1.0, 1.0, 0.4927536231884058, 0.4927536231884058, 1.0, 0.8333333333333334, 1.0, 0.8333333333333334, 1.0, 0.4927536231884058, 0.4927536231884058, 0.8333333333333334, 0.4927536231884058, 0.4927536231884058, 0.7333333333333333, 1.0, 1.0, 0.9387755102040817, 0.5194805194805194, 0.9387755102040817, 0.7647058823529411, 1.0, 1.0, 0.9387755102040817, 0.9387755102040817, 0.5194805194805194, 0.5194805194805194, 0.9387755102040817, 0.5194805194805194, 0.5194805194805194, 0.7647058823529411, 0.5194805194805194, 1.0, 1.0, 0.9166666666666666, 0.5714285714285714, 1.0, 0.9387755102040817, 1.0, 0.5194805194805194, 0.5194805194805194, 0.5194805194805194, 0.49333333333333335, 0.49333333333333335, 0.9583333333333334, 1.0, 0.8461538461538461, 0.49333333333333335, 0.49333333333333335, 1.0, 1.0, 1.0, 1.0, 1.0, 0.49333333333333335, 0.8461538461538461, 1.0, 0.8333333333333334, 0.8461538461538461, 0.9583333333333334, 0.8461538461538461, 0.8333333333333334, 0.8461538461538461, 0.49333333333333335, 0.49333333333333335, 0.8461538461538461, 0.49333333333333335, 0.49333333333333335, 0.49333333333333335, 0.4782608695652174, 0.9767441860465116, 0.85, 0.85, 0.5, 1.0, 0.85, 0.4782608695652174, 0.4782608695652174, 0.85, 0.4782608695652174, 1.0, 0.5, 1.0, 0.85, 0.85, 0.4782608695652174, 0.9767441860465116, 0.4782608695652174, 0.4782608695652174, 1.0, 1.0, 0.85, 0.4782608695652174, 0.4782608695652174, 0.8181818181818182, 0.4782608695652174, 0.9423076923076923, 1.0, 1.0, 0.9333333333333333, 0.4931506849315068, 0.4931506849315068, 0.9423076923076923, 0.9423076923076923, 1.0, 1.0, 1.0, 0.9423076923076923, 0.7333333333333333, 0.7333333333333333, 1.0, 0.9333333333333333, 0.9423076923076923, 0.4931506849315068, 0.9423076923076923, 0.4931506849315068, 0.9423076923076923, 0.9423076923076923, 0.9423076923076923, 0.7333333333333333, 0.4931506849315068, 0.4931506849315068, 0.975609756097561, 0.0, 0.9, 1.0, 0.5882352941176471, 0.9, 1.0, 0.9, 0.9, 1.0, 1.0, 0.9, 1.0, 1.0, 0.975609756097561, 0.6666666666666666, 0.9, 0.975609756097561, 0.3333333333333333, 0.5882352941176471, 0.5882352941176471, 1.0, 0.5882352941176471, 0.9, 0.9, 0.0, 1.0, 1.0, 1.0, 0.5, 1.0, 1.0, 1.0, 1.0, 0.5357142857142857, 1.0, 0.96, 0.96, 0.5357142857142857, 0.5357142857142857, 0.8333333333333334, 0.8333333333333334, 1.0, 0.96, 0.8333333333333334, 1.0, 0.5357142857142857, 0.5357142857142857, 0.5357142857142857, 0.96, 0.5357142857142857, 0.0]

Predicted Target Categ:
[1, 1, 1, 1, 1, 1, 1, 1, 1, 1, 1, 1, 1, 1, 1, 1, 1, 1, 1, 1, 1, 1, 1, 1, 1, 1, 1, 1, 1, 1, 1, 1, 1, 1, 1, 1, 1, 1, 1, 1, 1, 1, 1, 1, 1, 1, 1, 1, 1, 1, 1, 1, 1, 1, 1, 0, 1, 1, 0, 1, 1, 1, 1, 1, 1, 1, 1, 1, 0, 0, 1, 1, 1, 1, 1, 0, 0, 1, 0, 0, 1, 1, 1, 1, 1, 1, 1, 1, 1, 1, 1, 1, 1, 1, 1, 1, 1, 1, 1, 1, 1, 1, 1, 1, 1, 1, 1, 1, 0, 0, 1, 1, 1, 0, 0, 1, 1, 1, 1, 1, 0, 1, 1, 1, 1, 1, 1, 1, 1, 0, 0, 1, 0, 0, 0, 0, 1, 1, 1, 1, 1, 1, 0, 0, 1, 0, 1, 1, 1, 1, 1, 0, 1, 0, 0, 1, 1, 1, 0, 0, 1, 0, 1, 1, 1, 1, 0, 0, 1, 1, 1, 1, 1, 1, 1, 1, 1, 1, 1, 0, 1, 0, 1, 1, 1, 1, 0, 0, 1, 0, 1, 1, 1, 1, 1, 1, 1, 1, 1, 1, 1, 1, 1, 1, 1, 1, 0, 1, 1, 1, 1, 1, 1, 0, 1, 1, 1, 1, 1, 1, 1, 1, 1, 1, 1, 1, 1, 1, 1, 1, 1, 1, 1, 1, 1, 1, 1, 1, 1, 0]

Real Target:
[1, 1, 1, 1, 1, 1, 1, 1, 1, 1, 1, 1, 1, 1, 1, 1, 1, 1, 1, 1, 0, 1, 1, 0, 0, 0, 0, 1, 1, 1, 1, 1, 1, 1, 1, 1, 1, 1, 1, 1, 1, 1, 1, 0, 0, 1, 1, 1, 1, 1, 0, 0, 0, 0, 1, 1, 1, 1, 1, 1, 1, 1, 1, 1, 1, 1, 1, 1, 1, 1, 1, 1, 1, 1, 1, 0, 0, 0, 0, 0, 0, 1, 1, 1, 1, 1, 1, 1, 1, 1, 1, 1, 1, 1, 0, 0, 0, 1, 1, 1, 1, 1, 1, 1, 1, 0, 0, 0, 1, 1, 1, 1, 1, 1, 1, 1, 1, 1, 1, 1, 1, 1, 1, 1, 1, 1, 1, 0, 1, 1, 0, 0, 0, 0, 0, 1, 1, 1, 1, 1, 1, 1, 1, 1, 1, 1, 1, 0, 1, 1, 1, 1, 1, 1, 1, 1, 1, 0, 0, 0, 0, 0, 1, 1, 1, 1, 1, 1, 1, 1, 1, 1, 1, 1, 1, 1, 1, 1, 1, 1, 1, 0, 0, 1, 1, 0, 0, 0, 1, 1, 1, 1, 1, 1, 1, 1, 1, 1, 1, 1, 1, 1, 1, 1, 1, 1, 1, 0, 1, 1, 0, 0, 0, 0, 1, 1, 1, 1, 1, 1, 1, 1, 1, 1, 1, 1, 1, 1, 1, 1, 1, 1, 0, 0, 0, 1, 1, 1, 0, 0]


