Algorithm is: ID3


Accurracy avg: 0.7772855912390796

Acurracy std: 0.053927144213555815

Precission avg: 0.8101123277593866

Precission std: 0.06117830161505672

Recall avg: 0.7265512265512265

Recall std: 0.10147286286723903

AUC avg: 0.8184108660299138

AUC std: 0.05520430853166151

Confusion matrix sum:
['TN', 'FP', 'FN', 'TP']
[[158, 33], [52, 138]]

Predicted Target Prob:
[0.9333333333333333, 1.0, 1.0, 1.0, 1.0, 1.0, 0.24778761061946902, 1.0, 0.6086956521739131, 0.24778761061946902, 0.24778761061946902, 0.9333333333333333, 0.24778761061946902, 0.6086956521739131, 0.24778761061946902, 1.0, 1.0, 0.9333333333333333, 0.6086956521739131, 0.24778761061946902, 0.24778761061946902, 0.24778761061946902, 0.24778761061946902, 1.0, 0.24778761061946902, 0.24778761061946902, 0.6086956521739131, 0.6086956521739131, 0.24778761061946902, 0.24778761061946902, 0.6086956521739131, 0.24778761061946902, 0.6086956521739131, 0.24778761061946902, 0.24778761061946902, 0.24778761061946902, 0.24778761061946902, 0.24778761061946902, 0.24778761061946902, 0.9333333333333333, 0.24778761061946902, 0.24778761061946902, 0.24778761061946902, 1.0, 0.22580645161290322, 1.0, 0.6296296296296297, 0.9375, 0.22580645161290322, 0.22580645161290322, 0.6296296296296297, 0.6296296296296297, 0.22580645161290322, 0.22580645161290322, 0.22580645161290322, 0.22580645161290322, 0.9375, 0.6296296296296297, 1.0, 0.22580645161290322, 0.22580645161290322, 1.0, 0.22580645161290322, 0.22580645161290322, 0.22580645161290322, 1.0, 0.22580645161290322, 0.6296296296296297, 0.22580645161290322, 0.22580645161290322, 0.22580645161290322, 0.22580645161290322, 0.22580645161290322, 0.22580645161290322, 0.22580645161290322, 0.22580645161290322, 0.6296296296296297, 0.6296296296296297, 0.22580645161290322, 0.6296296296296297, 0.22580645161290322, 0.22580645161290322, 0.22580645161290322, 0.22580645161290322, 0.22580645161290322, 0.22580645161290322, 0.6530612244897959, 0.20476190476190476, 1.0, 1.0, 0.20476190476190476, 1.0, 1.0, 1.0, 0.9642857142857143, 1.0, 0.20476190476190476, 1.0, 1.0, 1.0, 0.20476190476190476, 0.20476190476190476, 1.0, 0.20476190476190476, 0.9642857142857143, 0.20476190476190476, 0.9642857142857143, 0.20476190476190476, 0.20476190476190476, 0.20476190476190476, 0.20476190476190476, 0.20476190476190476, 0.20476190476190476, 0.8148148148148148, 0.20476190476190476, 0.20476190476190476, 0.6530612244897959, 0.20476190476190476, 0.20476190476190476, 0.20476190476190476, 0.20476190476190476, 0.20476190476190476, 0.20476190476190476, 0.20476190476190476, 0.20476190476190476, 0.20476190476190476, 0.20476190476190476, 0.20476190476190476, 0.20476190476190476, 1.0, 0.9354838709677419, 0.24, 0.24, 0.24, 0.24, 0.64, 0.9354838709677419, 0.9354838709677419, 1.0, 0.24, 0.64, 1.0, 0.24, 0.24, 0.64, 0.64, 1.0, 0.64, 1.0, 1.0, 1.0, 0.64, 0.24, 0.24, 0.24, 0.64, 0.64, 0.24, 0.64, 0.24, 0.24, 0.24, 0.24, 0.24, 0.24, 0.24, 0.64, 0.64, 0.24, 0.64, 0.24, 0.22009569377990432, 0.22009569377990432, 0.95, 1.0, 0.95, 0.22009569377990432, 0.22009569377990432, 1.0, 1.0, 1.0, 1.0, 0.9117647058823529, 0.22009569377990432, 0.22009569377990432, 0.9117647058823529, 0.9117647058823529, 0.95, 1.0, 0.9117647058823529, 0.6140350877192983, 0.22009569377990432, 0.22009569377990432, 0.95, 0.22009569377990432, 0.22009569377990432, 0.22009569377990432, 0.22009569377990432, 0.22009569377990432, 0.22009569377990432, 0.22009569377990432, 0.22009569377990432, 0.22009569377990432, 0.22009569377990432, 0.22009569377990432, 0.22009569377990432, 0.6140350877192983, 0.22009569377990432, 0.22009569377990432, 0.22009569377990432, 0.22009569377990432, 0.22009569377990432, 0.22009569377990432, 0.22115384615384615, 0.918918918918919, 0.9523809523809523, 0.5686274509803921, 0.5686274509803921, 1.0, 0.22115384615384615, 0.22115384615384615, 0.22115384615384615, 0.9523809523809523, 0.22115384615384615, 0.5686274509803921, 0.5686274509803921, 1.0, 1.0, 0.9523809523809523, 0.5686274509803921, 0.5686274509803921, 0.5686274509803921, 0.22115384615384615, 1.0, 0.9523809523809523, 0.22115384615384615, 0.22115384615384615, 0.5686274509803921, 0.22115384615384615, 0.22115384615384615, 0.22115384615384615, 0.22115384615384615, 0.22115384615384615, 0.22115384615384615, 0.22115384615384615, 0.22115384615384615, 0.22115384615384615, 0.22115384615384615, 0.22115384615384615, 0.22115384615384615, 0.22115384615384615, 0.22115384615384615, 0.22115384615384615, 0.22115384615384615, 0.22115384615384615, 1.0, 0.967741935483871, 1.0, 0.84, 0.2119815668202765, 0.2119815668202765, 0.6808510638297872, 1.0, 1.0, 1.0, 1.0, 0.6808510638297872, 0.6808510638297872, 0.6808510638297872, 1.0, 1.0, 1.0, 0.2119815668202765, 0.6808510638297872, 0.84, 1.0, 0.2119815668202765, 0.2119815668202765, 0.84, 0.2119815668202765, 0.2119815668202765, 0.2119815668202765, 0.2119815668202765, 0.6808510638297872, 0.2119815668202765, 0.2119815668202765, 0.2119815668202765, 0.2119815668202765, 0.2119815668202765, 0.2119815668202765, 0.2119815668202765, 0.2119815668202765, 0.6808510638297872, 0.2119815668202765, 0.6808510638297872, 0.2119815668202765, 0.2119815668202765, 1.0, 0.875, 0.9629629629629629, 1.0, 0.2037914691943128, 0.9629629629629629, 1.0, 0.9629629629629629, 0.9629629629629629, 0.9629629629629629, 1.0, 0.9629629629629629, 0.9629629629629629, 0.9629629629629629, 1.0, 0.7692307692307693, 0.7692307692307693, 1.0, 0.2037914691943128, 0.2037914691943128, 0.6938775510204082, 0.2037914691943128, 1.0, 0.2037914691943128, 0.2037914691943128, 0.2037914691943128, 0.2037914691943128, 0.6938775510204082, 0.2037914691943128, 0.2037914691943128, 0.2037914691943128, 0.2037914691943128, 0.2037914691943128, 0.2037914691943128, 0.2037914691943128, 0.2037914691943128, 0.2037914691943128, 0.2037914691943128, 0.2037914691943128, 0.6938775510204082, 0.2037914691943128, 0.2037914691943128, 1.0, 1.0, 1.0, 0.7692307692307693, 1.0, 0.9583333333333334, 1.0, 0.9583333333333334, 0.6666666666666666, 0.9583333333333334, 0.9583333333333334, 0.9583333333333334, 0.21658986175115208, 0.6666666666666666, 1.0, 1.0, 0.7692307692307693, 0.6666666666666666, 0.9583333333333334, 0.21658986175115208, 0.21658986175115208, 0.21658986175115208, 0.9583333333333334, 0.21658986175115208, 0.6666666666666666, 0.21658986175115208, 0.21658986175115208, 1.0, 0.21658986175115208, 0.21658986175115208, 0.6666666666666666, 0.21658986175115208, 0.21658986175115208, 0.21658986175115208, 0.21658986175115208, 0.21658986175115208, 0.21658986175115208, 0.21658986175115208, 0.21658986175115208, 0.21658986175115208, 0.21658986175115208, 0.21658986175115208]

Predicted Target Categ:
[1, 1, 1, 1, 1, 1, 0, 1, 1, 0, 0, 1, 0, 1, 0, 1, 1, 1, 1, 0, 0, 0, 0, 1, 0, 0, 1, 1, 0, 0, 1, 0, 1, 0, 0, 0, 0, 0, 0, 1, 0, 0, 0, 1, 0, 1, 1, 1, 0, 0, 1, 1, 0, 0, 0, 0, 1, 1, 1, 0, 0, 1, 0, 0, 0, 1, 0, 1, 0, 0, 0, 0, 0, 0, 0, 0, 1, 1, 0, 1, 0, 0, 0, 0, 0, 0, 1, 0, 1, 1, 0, 1, 1, 1, 1, 1, 0, 1, 1, 1, 0, 0, 1, 0, 1, 0, 1, 0, 0, 0, 0, 0, 0, 1, 0, 0, 1, 0, 0, 0, 0, 0, 0, 0, 0, 0, 0, 0, 0, 1, 1, 0, 0, 0, 0, 1, 1, 1, 1, 0, 1, 1, 0, 0, 1, 1, 1, 1, 1, 1, 1, 1, 0, 0, 0, 1, 1, 0, 1, 0, 0, 0, 0, 0, 0, 0, 1, 1, 0, 1, 0, 0, 0, 1, 1, 1, 0, 0, 1, 1, 1, 1, 1, 0, 0, 1, 1, 1, 1, 1, 1, 0, 0, 1, 0, 0, 0, 0, 0, 0, 0, 0, 0, 0, 0, 0, 1, 0, 0, 0, 0, 0, 0, 0, 1, 1, 1, 1, 1, 0, 0, 0, 1, 0, 1, 1, 1, 1, 1, 1, 1, 1, 0, 1, 1, 0, 0, 1, 0, 0, 0, 0, 0, 0, 0, 0, 0, 0, 0, 0, 0, 0, 0, 0, 0, 1, 1, 1, 1, 0, 0, 1, 1, 1, 1, 1, 1, 1, 1, 1, 1, 1, 0, 1, 1, 1, 0, 0, 1, 0, 0, 0, 0, 1, 0, 0, 0, 0, 0, 0, 0, 0, 1, 0, 1, 0, 0, 1, 1, 1, 1, 0, 1, 1, 1, 1, 1, 1, 1, 1, 1, 1, 1, 1, 1, 0, 0, 1, 0, 1, 0, 0, 0, 0, 1, 0, 0, 0, 0, 0, 0, 0, 0, 0, 0, 0, 1, 0, 0, 1, 1, 1, 1, 1, 1, 1, 1, 1, 1, 1, 1, 0, 1, 1, 1, 1, 1, 1, 0, 0, 0, 1, 0, 1, 0, 0, 1, 0, 0, 1, 0, 0, 0, 0, 0, 0, 0, 0, 0, 0, 0]

Real Target:
[1, 1, 1, 1, 1, 1, 1, 1, 1, 1, 1, 1, 1, 1, 1, 1, 1, 1, 1, 1, 0, 0, 1, 1, 0, 0, 0, 0, 0, 0, 0, 0, 0, 0, 0, 0, 0, 0, 0, 0, 0, 0, 0, 1, 1, 1, 1, 1, 1, 1, 1, 1, 1, 1, 1, 1, 1, 1, 1, 0, 0, 1, 1, 1, 1, 1, 0, 0, 0, 0, 0, 0, 0, 0, 0, 0, 0, 0, 0, 0, 0, 0, 0, 0, 0, 0, 1, 1, 1, 1, 1, 1, 1, 1, 1, 1, 1, 1, 1, 1, 1, 1, 1, 1, 1, 1, 1, 0, 0, 0, 0, 0, 0, 0, 0, 0, 0, 0, 0, 0, 0, 0, 0, 0, 0, 0, 0, 0, 0, 1, 1, 1, 1, 1, 1, 1, 1, 1, 1, 1, 1, 1, 0, 0, 1, 1, 1, 1, 1, 1, 1, 1, 0, 0, 0, 0, 0, 0, 0, 0, 0, 0, 0, 0, 0, 0, 0, 0, 0, 0, 0, 1, 1, 1, 1, 1, 1, 1, 1, 1, 1, 1, 1, 1, 1, 1, 1, 1, 1, 1, 0, 0, 0, 1, 1, 0, 0, 0, 0, 0, 0, 0, 0, 0, 0, 0, 0, 0, 0, 0, 0, 0, 0, 1, 1, 1, 1, 1, 1, 1, 1, 1, 1, 1, 1, 0, 1, 1, 1, 1, 1, 1, 1, 1, 1, 0, 0, 0, 0, 0, 0, 0, 0, 0, 0, 0, 0, 0, 0, 0, 0, 0, 0, 0, 0, 1, 1, 1, 1, 1, 1, 1, 1, 1, 1, 1, 1, 1, 1, 1, 1, 1, 1, 1, 0, 1, 1, 0, 0, 0, 0, 0, 0, 0, 0, 0, 0, 0, 0, 0, 0, 0, 0, 0, 0, 0, 0, 1, 1, 1, 1, 1, 1, 1, 1, 1, 1, 1, 1, 1, 1, 1, 1, 1, 1, 1, 0, 0, 1, 1, 0, 0, 0, 0, 0, 0, 0, 0, 0, 0, 0, 0, 0, 0, 0, 0, 0, 0, 0, 1, 1, 1, 1, 1, 1, 1, 1, 1, 1, 1, 1, 1, 1, 1, 1, 1, 1, 0, 0, 1, 1, 1, 0, 0, 0, 0, 0, 0, 0, 0, 0, 0, 0, 0, 0, 0, 0, 0, 0, 0, 0]


