Algorithm is: C4.5


Accurracy avg: 0.7483081087732252

Acurracy std: 0.05747160440097962

Precission avg: 0.9712509712509713

Precission std: 0.04083506866657626

Recall avg: 0.5108225108225108

Recall std: 0.1127389609502142

AUC avg: 0.7474747474747475

AUC std: 0.05816924782322188

Confusion matrix sum:
['TN', 'FP', 'FN', 'TP']
[[188, 3], [93, 97]]

Predicted Target Prob:
[0.2952029520295203, 1.0, 0.2952029520295203, 1.0, 0.2952029520295203, 1.0, 0.2952029520295203, 1.0, 0.2952029520295203, 0.2952029520295203, 1.0, 0.2952029520295203, 0.2952029520295203, 1.0, 0.2952029520295203, 1.0, 1.0, 1.0, 0.2952029520295203, 0.2952029520295203, 1.0, 0.2952029520295203, 0.2952029520295203, 1.0, 0.2952029520295203, 0.2952029520295203, 0.2952029520295203, 0.2952029520295203, 0.2952029520295203, 0.2952029520295203, 0.2952029520295203, 0.2952029520295203, 0.2952029520295203, 0.2952029520295203, 0.2952029520295203, 0.2952029520295203, 0.2952029520295203, 0.2952029520295203, 0.2952029520295203, 0.2952029520295203, 0.2952029520295203, 0.2952029520295203, 0.2952029520295203, 0.3115942028985507, 0.3115942028985507, 1.0, 0.3115942028985507, 1.0, 0.3115942028985507, 0.3115942028985507, 0.3115942028985507, 0.3115942028985507, 0.3115942028985507, 0.3115942028985507, 0.3115942028985507, 0.3115942028985507, 0.3115942028985507, 1.0, 1.0, 0.3115942028985507, 0.3115942028985507, 1.0, 0.3115942028985507, 0.3115942028985507, 0.3115942028985507, 1.0, 0.3115942028985507, 0.3115942028985507, 0.3115942028985507, 0.3115942028985507, 0.3115942028985507, 0.3115942028985507, 0.3115942028985507, 0.3115942028985507, 0.3115942028985507, 0.3115942028985507, 0.3115942028985507, 0.3115942028985507, 0.3115942028985507, 0.3115942028985507, 0.3115942028985507, 0.3115942028985507, 0.3115942028985507, 0.3115942028985507, 0.3115942028985507, 0.3115942028985507, 0.31899641577060933, 0.31899641577060933, 1.0, 1.0, 0.31899641577060933, 1.0, 1.0, 1.0, 0.31899641577060933, 1.0, 0.31899641577060933, 1.0, 1.0, 1.0, 0.31899641577060933, 0.31899641577060933, 1.0, 0.31899641577060933, 1.0, 0.31899641577060933, 1.0, 0.31899641577060933, 0.31899641577060933, 0.31899641577060933, 0.31899641577060933, 0.31899641577060933, 0.31899641577060933, 0.31899641577060933, 0.31899641577060933, 0.31899641577060933, 0.31899641577060933, 0.31899641577060933, 0.31899641577060933, 0.31899641577060933, 0.31899641577060933, 0.31899641577060933, 0.31899641577060933, 0.31899641577060933, 0.31899641577060933, 0.31899641577060933, 0.31899641577060933, 0.31899641577060933, 0.31899641577060933, 1.0, 1.0, 0.3129496402877698, 1.0, 0.3129496402877698, 0.3129496402877698, 0.3129496402877698, 1.0, 1.0, 1.0, 0.3129496402877698, 0.3129496402877698, 1.0, 0.3129496402877698, 0.3129496402877698, 0.3129496402877698, 0.3129496402877698, 1.0, 0.3129496402877698, 1.0, 1.0, 0.3129496402877698, 0.3129496402877698, 0.3129496402877698, 0.3129496402877698, 0.3129496402877698, 1.0, 0.3129496402877698, 0.3129496402877698, 0.3129496402877698, 0.3129496402877698, 0.3129496402877698, 0.3129496402877698, 0.3129496402877698, 0.3129496402877698, 0.3129496402877698, 0.3129496402877698, 0.3129496402877698, 0.3129496402877698, 0.3129496402877698, 0.3129496402877698, 0.3129496402877698, 0.3298245614035088, 0.3298245614035088, 1.0, 1.0, 1.0, 0.3298245614035088, 0.3298245614035088, 1.0, 1.0, 1.0, 1.0, 1.0, 0.3298245614035088, 0.3298245614035088, 1.0, 0.3298245614035088, 1.0, 1.0, 0.3298245614035088, 0.3298245614035088, 0.3298245614035088, 0.3298245614035088, 0.3298245614035088, 0.3298245614035088, 0.3298245614035088, 0.3298245614035088, 0.3298245614035088, 0.3298245614035088, 0.3298245614035088, 0.3298245614035088, 0.3298245614035088, 0.3298245614035088, 0.3298245614035088, 0.3298245614035088, 0.3298245614035088, 0.3298245614035088, 0.3298245614035088, 0.3298245614035088, 0.3298245614035088, 0.3298245614035088, 0.3298245614035088, 0.3298245614035088, 0.3202846975088968, 1.0, 0.3202846975088968, 0.3202846975088968, 1.0, 1.0, 0.3202846975088968, 0.3202846975088968, 0.3202846975088968, 0.3202846975088968, 0.3202846975088968, 0.3202846975088968, 0.3202846975088968, 1.0, 1.0, 1.0, 0.3202846975088968, 1.0, 0.3202846975088968, 0.3202846975088968, 1.0, 1.0, 0.3202846975088968, 0.3202846975088968, 0.3202846975088968, 0.3202846975088968, 0.3202846975088968, 0.3202846975088968, 0.3202846975088968, 0.3202846975088968, 0.3202846975088968, 0.3202846975088968, 0.3202846975088968, 0.3202846975088968, 0.3202846975088968, 0.3202846975088968, 0.3202846975088968, 0.3202846975088968, 0.3202846975088968, 0.3202846975088968, 0.3202846975088968, 0.3202846975088968, 1.0, 1.0, 1.0, 1.0, 0.32269503546099293, 0.32269503546099293, 0.32269503546099293, 1.0, 1.0, 1.0, 1.0, 1.0, 0.32269503546099293, 0.32269503546099293, 1.0, 1.0, 1.0, 0.32269503546099293, 0.32269503546099293, 0.32269503546099293, 0.32269503546099293, 0.32269503546099293, 0.32269503546099293, 0.32269503546099293, 0.32269503546099293, 0.32269503546099293, 0.32269503546099293, 0.32269503546099293, 0.32269503546099293, 0.32269503546099293, 0.32269503546099293, 0.32269503546099293, 0.32269503546099293, 0.32269503546099293, 0.32269503546099293, 0.32269503546099293, 0.32269503546099293, 0.32269503546099293, 0.32269503546099293, 0.32269503546099293, 0.32269503546099293, 0.32269503546099293, 1.0, 1.0, 1.0, 1.0, 0.31785714285714284, 1.0, 1.0, 0.31785714285714284, 1.0, 1.0, 1.0, 1.0, 1.0, 1.0, 1.0, 0.31785714285714284, 0.31785714285714284, 1.0, 0.31785714285714284, 0.31785714285714284, 0.31785714285714284, 0.31785714285714284, 1.0, 0.31785714285714284, 0.31785714285714284, 0.31785714285714284, 0.31785714285714284, 0.31785714285714284, 0.31785714285714284, 0.31785714285714284, 0.31785714285714284, 0.31785714285714284, 0.31785714285714284, 0.31785714285714284, 0.31785714285714284, 0.31785714285714284, 0.31785714285714284, 0.31785714285714284, 0.31785714285714284, 0.31785714285714284, 0.31785714285714284, 0.31785714285714284, 1.0, 1.0, 1.0, 0.3029197080291971, 1.0, 0.3029197080291971, 1.0, 1.0, 0.3029197080291971, 0.3029197080291971, 1.0, 1.0, 0.3029197080291971, 0.3029197080291971, 1.0, 1.0, 1.0, 0.3029197080291971, 0.3029197080291971, 0.3029197080291971, 0.3029197080291971, 0.3029197080291971, 1.0, 0.3029197080291971, 0.3029197080291971, 0.3029197080291971, 0.3029197080291971, 1.0, 0.3029197080291971, 0.3029197080291971, 0.3029197080291971, 0.3029197080291971, 0.3029197080291971, 0.3029197080291971, 0.3029197080291971, 0.3029197080291971, 0.3029197080291971, 0.3029197080291971, 0.3029197080291971, 0.3029197080291971, 0.3029197080291971, 0.3029197080291971]

Predicted Target Categ:
[0, 1, 0, 1, 0, 1, 0, 1, 0, 0, 1, 0, 0, 1, 0, 1, 1, 1, 0, 0, 1, 0, 0, 1, 0, 0, 0, 0, 0, 0, 0, 0, 0, 0, 0, 0, 0, 0, 0, 0, 0, 0, 0, 0, 0, 1, 0, 1, 0, 0, 0, 0, 0, 0, 0, 0, 0, 1, 1, 0, 0, 1, 0, 0, 0, 1, 0, 0, 0, 0, 0, 0, 0, 0, 0, 0, 0, 0, 0, 0, 0, 0, 0, 0, 0, 0, 0, 0, 1, 1, 0, 1, 1, 1, 0, 1, 0, 1, 1, 1, 0, 0, 1, 0, 1, 0, 1, 0, 0, 0, 0, 0, 0, 0, 0, 0, 0, 0, 0, 0, 0, 0, 0, 0, 0, 0, 0, 0, 0, 1, 1, 0, 1, 0, 0, 0, 1, 1, 1, 0, 0, 1, 0, 0, 0, 0, 1, 0, 1, 1, 0, 0, 0, 0, 0, 1, 0, 0, 0, 0, 0, 0, 0, 0, 0, 0, 0, 0, 0, 0, 0, 0, 0, 1, 1, 1, 0, 0, 1, 1, 1, 1, 1, 0, 0, 1, 0, 1, 1, 0, 0, 0, 0, 0, 0, 0, 0, 0, 0, 0, 0, 0, 0, 0, 0, 0, 0, 0, 0, 0, 0, 0, 0, 0, 1, 0, 0, 1, 1, 0, 0, 0, 0, 0, 0, 0, 1, 1, 1, 0, 1, 0, 0, 1, 1, 0, 0, 0, 0, 0, 0, 0, 0, 0, 0, 0, 0, 0, 0, 0, 0, 0, 0, 0, 0, 1, 1, 1, 1, 0, 0, 0, 1, 1, 1, 1, 1, 0, 0, 1, 1, 1, 0, 0, 0, 0, 0, 0, 0, 0, 0, 0, 0, 0, 0, 0, 0, 0, 0, 0, 0, 0, 0, 0, 0, 0, 0, 1, 1, 1, 1, 0, 1, 1, 0, 1, 1, 1, 1, 1, 1, 1, 0, 0, 1, 0, 0, 0, 0, 1, 0, 0, 0, 0, 0, 0, 0, 0, 0, 0, 0, 0, 0, 0, 0, 0, 0, 0, 0, 1, 1, 1, 0, 1, 0, 1, 1, 0, 0, 1, 1, 0, 0, 1, 1, 1, 0, 0, 0, 0, 0, 1, 0, 0, 0, 0, 1, 0, 0, 0, 0, 0, 0, 0, 0, 0, 0, 0, 0, 0, 0]

Real Target:
[1, 1, 1, 1, 1, 1, 1, 1, 1, 1, 1, 1, 1, 1, 1, 1, 1, 1, 1, 1, 0, 0, 1, 1, 0, 0, 0, 0, 0, 0, 0, 0, 0, 0, 0, 0, 0, 0, 0, 0, 0, 0, 0, 1, 1, 1, 1, 1, 1, 1, 1, 1, 1, 1, 1, 1, 1, 1, 1, 0, 0, 1, 1, 1, 1, 1, 0, 0, 0, 0, 0, 0, 0, 0, 0, 0, 0, 0, 0, 0, 0, 0, 0, 0, 0, 0, 1, 1, 1, 1, 1, 1, 1, 1, 1, 1, 1, 1, 1, 1, 1, 1, 1, 1, 1, 1, 1, 0, 0, 0, 0, 0, 0, 0, 0, 0, 0, 0, 0, 0, 0, 0, 0, 0, 0, 0, 0, 0, 0, 1, 1, 1, 1, 1, 1, 1, 1, 1, 1, 1, 1, 1, 0, 0, 1, 1, 1, 1, 1, 1, 1, 1, 0, 0, 0, 0, 0, 0, 0, 0, 0, 0, 0, 0, 0, 0, 0, 0, 0, 0, 0, 1, 1, 1, 1, 1, 1, 1, 1, 1, 1, 1, 1, 1, 1, 1, 1, 1, 1, 1, 0, 0, 0, 1, 1, 0, 0, 0, 0, 0, 0, 0, 0, 0, 0, 0, 0, 0, 0, 0, 0, 0, 0, 1, 1, 1, 1, 1, 1, 1, 1, 1, 1, 1, 1, 0, 1, 1, 1, 1, 1, 1, 1, 1, 1, 0, 0, 0, 0, 0, 0, 0, 0, 0, 0, 0, 0, 0, 0, 0, 0, 0, 0, 0, 0, 1, 1, 1, 1, 1, 1, 1, 1, 1, 1, 1, 1, 1, 1, 1, 1, 1, 1, 1, 0, 1, 1, 0, 0, 0, 0, 0, 0, 0, 0, 0, 0, 0, 0, 0, 0, 0, 0, 0, 0, 0, 0, 1, 1, 1, 1, 1, 1, 1, 1, 1, 1, 1, 1, 1, 1, 1, 1, 1, 1, 1, 0, 0, 1, 1, 0, 0, 0, 0, 0, 0, 0, 0, 0, 0, 0, 0, 0, 0, 0, 0, 0, 0, 0, 1, 1, 1, 1, 1, 1, 1, 1, 1, 1, 1, 1, 1, 1, 1, 1, 1, 1, 0, 0, 1, 1, 1, 0, 0, 0, 0, 0, 0, 0, 0, 0, 0, 0, 0, 0, 0, 0, 0, 0, 0, 0]


