Algorithm is: CART


Accurracy avg: 0.8479758828596037

Acurracy std: 0.05704382795543923

Precission avg: 0.9140540650344572

Precission std: 0.05631856114042124

Recall avg: 0.7683982683982684

Recall std: 0.10868588777864673

AUC avg: 0.8490631943012895

AUC std: 0.049297370181529056

Confusion matrix sum:
['TN', 'FP', 'FN', 'TP']
[[177, 14], [44, 146]]

Predicted Target Prob:
[1.0, 1.0, 1.0, 1.0, 1.0, 1.0, 0.1557377049180328, 1.0, 1.0, 1.0, 0.0, 1.0, 1.0, 1.0, 0.1557377049180328, 1.0, 1.0, 1.0, 1.0, 0.1557377049180328, 0.0, 0.0, 0.5714285714285714, 0.0, 0.42857142857142855, 0.0, 0.14285714285714285, 0.1557377049180328, 0.1557377049180328, 0.1557377049180328, 0.1557377049180328, 0.1557377049180328, 0.42857142857142855, 0.1557377049180328, 0.1557377049180328, 0.1557377049180328, 0.0, 1.0, 0.1557377049180328, 0.1557377049180328, 0.14285714285714285, 0.0, 0.1557377049180328, 1.0, 1.0, 1.0, 0.22535211267605634, 1.0, 0.5, 0.22535211267605634, 1.0, 0.22535211267605634, 0.22535211267605634, 0.22535211267605634, 0.22535211267605634, 1.0, 1.0, 1.0, 1.0, 0.5, 0.11214953271028037, 1.0, 0.0, 1.0, 0.11214953271028037, 0.0, 0.22535211267605634, 0.11214953271028037, 0.11214953271028037, 1.0, 0.22535211267605634, 0.22535211267605634, 0.22535211267605634, 0.0, 0.22535211267605634, 0.0, 0.11214953271028037, 0.22535211267605634, 0.11214953271028037, 0.11214953271028037, 0.22535211267605634, 0.11214953271028037, 1.0, 0.11214953271028037, 0.22535211267605634, 0.0, 1.0, 0.0975609756097561, 1.0, 1.0, 1.0, 1.0, 1.0, 1.0, 1.0, 1.0, 1.0, 1.0, 1.0, 1.0, 0.5, 0.0975609756097561, 1.0, 0.0, 1.0, 1.0, 1.0, 0.12380952380952381, 0.12380952380952381, 0.0975609756097561, 0.4444444444444444, 0.4444444444444444, 0.4444444444444444, 0.0, 0.18181818181818182, 0.0, 0.12380952380952381, 0.0, 0.12380952380952381, 0.4444444444444444, 0.12380952380952381, 0.12380952380952381, 0.12380952380952381, 0.6666666666666666, 0.12380952380952381, 0.0975609756097561, 0.16666666666666666, 0.16666666666666666, 0.12380952380952381, 1.0, 1.0, 1.0, 1.0, 1.0, 1.0, 1.0, 1.0, 1.0, 1.0, 0.1511627906976744, 0.1511627906976744, 0.6666666666666666, 0.1511627906976744, 0.1511627906976744, 0.1511627906976744, 0.0, 1.0, 1.0, 0.0, 1.0, 0.6666666666666666, 1.0, 0.1511627906976744, 0.1511627906976744, 0.1511627906976744, 0.1511627906976744, 0.1511627906976744, 0.23076923076923078, 0.0, 0.1511627906976744, 0.16666666666666666, 0.16666666666666666, 0.1511627906976744, 0.1511627906976744, 0.1511627906976744, 0.16666666666666666, 0.1511627906976744, 0.1511627906976744, 0.1511627906976744, 0.1511627906976744, 0.6666666666666666, 0.15503875968992248, 1.0, 1.0, 1.0, 1.0, 1.0, 0.0, 1.0, 1.0, 1.0, 1.0, 1.0, 0.2, 1.0, 1.0, 1.0, 1.0, 1.0, 1.0, 0.0, 0.25, 0.15503875968992248, 1.0, 1.0, 1.0, 0.2, 0.0, 0.15503875968992248, 0.15503875968992248, 0.15503875968992248, 0.6666666666666666, 0.2, 0.2, 0.23076923076923078, 0.15503875968992248, 0.2, 0.15503875968992248, 0.15503875968992248, 0.15503875968992248, 0.15503875968992248, 0.2, 0.15503875968992248, 0.12698412698412698, 1.0, 1.0, 1.0, 1.0, 1.0, 0.12698412698412698, 0.12698412698412698, 0.12698412698412698, 1.0, 0.12698412698412698, 1.0, 0.1875, 1.0, 1.0, 1.0, 1.0, 1.0, 1.0, 0.2222222222222222, 1.0, 1.0, 0.12698412698412698, 0.2222222222222222, 0.12698412698412698, 0.375, 0.125, 0.12698412698412698, 0.0, 0.0, 0.12698412698412698, 0.12698412698412698, 0.1875, 0.0, 0.1875, 0.12698412698412698, 0.5, 0.12698412698412698, 0.12698412698412698, 0.0, 0.12698412698412698, 0.12698412698412698, 1.0, 1.0, 1.0, 1.0, 0.25, 0.17989417989417988, 0.17989417989417988, 1.0, 1.0, 1.0, 1.0, 1.0, 1.0, 1.0, 1.0, 1.0, 1.0, 1.0, 0.17989417989417988, 1.0, 1.0, 0.17989417989417988, 0.0, 0.25, 0.2222222222222222, 0.17989417989417988, 0.0, 0.17989417989417988, 0.17989417989417988, 1.0, 0.17989417989417988, 0.17989417989417988, 0.25, 0.17989417989417988, 0.17989417989417988, 0.17989417989417988, 0.17989417989417988, 0.17989417989417988, 1.0, 0.25, 0.17989417989417988, 1.0, 1.0, 1.0, 1.0, 1.0, 0.6666666666666666, 1.0, 1.0, 1.0, 1.0, 1.0, 1.0, 1.0, 1.0, 1.0, 1.0, 1.0, 0.19469026548672566, 1.0, 1.0, 0.08, 0.0, 1.0, 1.0, 0.19469026548672566, 0.2857142857142857, 0.0, 0.23076923076923078, 0.19469026548672566, 0.19469026548672566, 0.08, 0.23076923076923078, 1.0, 0.08, 0.19469026548672566, 0.0, 0.0, 0.08, 1.0, 0.19469026548672566, 0.19469026548672566, 0.19469026548672566, 0.19469026548672566, 1.0, 1.0, 1.0, 1.0, 1.0, 1.0, 1.0, 1.0, 0.25, 1.0, 1.0, 1.0, 0.17613636363636365, 0.0, 1.0, 1.0, 1.0, 1.0, 0.0, 0.17613636363636365, 0.17613636363636365, 0.17613636363636365, 1.0, 0.17613636363636365, 0.0, 0.17613636363636365, 0.17613636363636365, 1.0, 0.25, 0.17613636363636365, 0.17613636363636365, 0.17613636363636365, 0.17613636363636365, 0.3076923076923077, 0.17613636363636365, 0.17613636363636365, 0.17613636363636365, 0.0, 0.17613636363636365, 0.17613636363636365, 0.17613636363636365, 0.17613636363636365]

Predicted Target Categ:
[1, 1, 1, 1, 1, 1, 0, 1, 1, 1, 0, 1, 1, 1, 0, 1, 1, 1, 1, 0, 0, 0, 1, 0, 0, 0, 0, 0, 0, 0, 0, 0, 0, 0, 0, 0, 0, 1, 0, 0, 0, 0, 0, 1, 1, 1, 0, 1, 0, 0, 1, 0, 0, 0, 0, 1, 1, 1, 1, 0, 0, 1, 0, 1, 0, 0, 0, 0, 0, 1, 0, 0, 0, 0, 0, 0, 0, 0, 0, 0, 0, 0, 1, 0, 0, 0, 1, 0, 1, 1, 1, 1, 1, 1, 1, 1, 1, 1, 1, 1, 0, 0, 1, 0, 1, 1, 1, 0, 0, 0, 0, 0, 0, 0, 0, 0, 0, 0, 0, 0, 0, 0, 0, 1, 0, 0, 0, 0, 0, 1, 1, 1, 1, 1, 1, 1, 1, 1, 1, 0, 0, 1, 0, 0, 0, 0, 1, 1, 0, 1, 1, 1, 0, 0, 0, 0, 0, 0, 0, 0, 0, 0, 0, 0, 0, 0, 0, 0, 0, 0, 1, 0, 1, 1, 1, 1, 1, 0, 1, 1, 1, 1, 1, 0, 1, 1, 1, 1, 1, 1, 0, 0, 0, 1, 1, 1, 0, 0, 0, 0, 0, 1, 0, 0, 0, 0, 0, 0, 0, 0, 0, 0, 0, 0, 1, 1, 1, 1, 1, 0, 0, 0, 1, 0, 1, 0, 1, 1, 1, 1, 1, 1, 0, 1, 1, 0, 0, 0, 0, 0, 0, 0, 0, 0, 0, 0, 0, 0, 0, 0, 0, 0, 0, 0, 0, 1, 1, 1, 1, 0, 0, 0, 1, 1, 1, 1, 1, 1, 1, 1, 1, 1, 1, 0, 1, 1, 0, 0, 0, 0, 0, 0, 0, 0, 1, 0, 0, 0, 0, 0, 0, 0, 0, 1, 0, 0, 1, 1, 1, 1, 1, 1, 1, 1, 1, 1, 1, 1, 1, 1, 1, 1, 1, 0, 1, 1, 0, 0, 1, 1, 0, 0, 0, 0, 0, 0, 0, 0, 1, 0, 0, 0, 0, 0, 1, 0, 0, 0, 0, 1, 1, 1, 1, 1, 1, 1, 1, 0, 1, 1, 1, 0, 0, 1, 1, 1, 1, 0, 0, 0, 0, 1, 0, 0, 0, 0, 1, 0, 0, 0, 0, 0, 0, 0, 0, 0, 0, 0, 0, 0, 0]

Real Target:
[1, 1, 1, 1, 1, 1, 1, 1, 1, 1, 1, 1, 1, 1, 1, 1, 1, 1, 1, 1, 0, 0, 1, 1, 0, 0, 0, 0, 0, 0, 0, 0, 0, 0, 0, 0, 0, 0, 0, 0, 0, 0, 0, 1, 1, 1, 1, 1, 1, 1, 1, 1, 1, 1, 1, 1, 1, 1, 1, 0, 0, 1, 1, 1, 1, 1, 0, 0, 0, 0, 0, 0, 0, 0, 0, 0, 0, 0, 0, 0, 0, 0, 0, 0, 0, 0, 1, 1, 1, 1, 1, 1, 1, 1, 1, 1, 1, 1, 1, 1, 1, 1, 1, 1, 1, 1, 1, 0, 0, 0, 0, 0, 0, 0, 0, 0, 0, 0, 0, 0, 0, 0, 0, 0, 0, 0, 0, 0, 0, 1, 1, 1, 1, 1, 1, 1, 1, 1, 1, 1, 1, 1, 0, 0, 1, 1, 1, 1, 1, 1, 1, 1, 0, 0, 0, 0, 0, 0, 0, 0, 0, 0, 0, 0, 0, 0, 0, 0, 0, 0, 0, 1, 1, 1, 1, 1, 1, 1, 1, 1, 1, 1, 1, 1, 1, 1, 1, 1, 1, 1, 0, 0, 0, 1, 1, 0, 0, 0, 0, 0, 0, 0, 0, 0, 0, 0, 0, 0, 0, 0, 0, 0, 0, 1, 1, 1, 1, 1, 1, 1, 1, 1, 1, 1, 1, 0, 1, 1, 1, 1, 1, 1, 1, 1, 1, 0, 0, 0, 0, 0, 0, 0, 0, 0, 0, 0, 0, 0, 0, 0, 0, 0, 0, 0, 0, 1, 1, 1, 1, 1, 1, 1, 1, 1, 1, 1, 1, 1, 1, 1, 1, 1, 1, 1, 0, 1, 1, 0, 0, 0, 0, 0, 0, 0, 0, 0, 0, 0, 0, 0, 0, 0, 0, 0, 0, 0, 0, 1, 1, 1, 1, 1, 1, 1, 1, 1, 1, 1, 1, 1, 1, 1, 1, 1, 1, 1, 0, 0, 1, 1, 0, 0, 0, 0, 0, 0, 0, 0, 0, 0, 0, 0, 0, 0, 0, 0, 0, 0, 0, 1, 1, 1, 1, 1, 1, 1, 1, 1, 1, 1, 1, 1, 1, 1, 1, 1, 1, 0, 0, 1, 1, 1, 0, 0, 0, 0, 0, 0, 0, 0, 0, 0, 0, 0, 0, 0, 0, 0, 0, 0, 0]


