Algorithm is: ID3


Accurracy avg: 0.8162913744309093

Acurracy std: 0.05204858102193323

Precission avg: 0.9119218248037738

Precission std: 0.07130036152901077

Recall avg: 0.7051467051467051

Recall std: 0.10735473861953314

AUC avg: 0.8324457729219633

AUC std: 0.06030494914906474

Confusion matrix sum:
['TN', 'FP', 'FN', 'TP']
[[177, 14], [56, 134]]

Predicted Target Prob:
[1.0, 1.0, 1.0, 1.0, 1.0, 1.0, 0.15151515151515152, 1.0, 1.0, 0.15151515151515152, 1.0, 1.0, 0.6666666666666666, 0.3333333333333333, 0.15151515151515152, 1.0, 1.0, 1.0, 1.0, 0.15151515151515152, 0.23529411764705882, 0.21052631578947367, 0.5, 1.0, 0.21052631578947367, 0.15151515151515152, 0.15151515151515152, 0.15151515151515152, 0.15151515151515152, 0.15151515151515152, 0.15151515151515152, 0.21052631578947367, 0.15151515151515152, 0.15151515151515152, 0.15151515151515152, 0.15151515151515152, 0.15151515151515152, 0.15151515151515152, 0.15151515151515152, 0.15151515151515152, 0.15151515151515152, 0.15151515151515152, 0.15151515151515152, 1.0, 1.0, 1.0, 0.17341040462427745, 1.0, 0.8, 0.17341040462427745, 1.0, 0.17341040462427745, 0.17341040462427745, 0.17341040462427745, 0.17341040462427745, 1.0, 1.0, 1.0, 1.0, 0.8, 0.17341040462427745, 1.0, 0.0, 1.0, 0.17341040462427745, 0.0, 0.17341040462427745, 0.17341040462427745, 0.0, 0.17341040462427745, 0.17341040462427745, 0.17341040462427745, 0.0, 0.17341040462427745, 0.17341040462427745, 0.17341040462427745, 0.17341040462427745, 0.17341040462427745, 0.17341040462427745, 0.0, 0.0, 0.17341040462427745, 0.17341040462427745, 0.17341040462427745, 0.17341040462427745, 0.17341040462427745, 1.0, 0.1259259259259259, 1.0, 1.0, 0.08333333333333333, 1.0, 1.0, 1.0, 1.0, 1.0, 1.0, 1.0, 1.0, 1.0, 0.1259259259259259, 0.1259259259259259, 1.0, 0.375, 1.0, 1.0, 1.0, 0.1259259259259259, 0.1259259259259259, 0.1259259259259259, 0.1259259259259259, 0.1259259259259259, 1.0, 0.0, 0.1259259259259259, 0.1259259259259259, 0.18181818181818182, 0.0, 0.1259259259259259, 0.1259259259259259, 0.1259259259259259, 0.1259259259259259, 0.1259259259259259, 0.1259259259259259, 0.1259259259259259, 1.0, 0.18181818181818182, 0.1259259259259259, 1.0, 1.0, 1.0, 0.36, 0.0, 0.36, 1.0, 1.0, 0.0, 1.0, 1.0, 0.09259259259259259, 0.09259259259259259, 1.0, 0.09259259259259259, 0.22727272727272727, 0.09259259259259259, 0.0, 1.0, 1.0, 1.0, 1.0, 1.0, 1.0, 0.22727272727272727, 0.09259259259259259, 0.09259259259259259, 0.0, 0.09259259259259259, 0.09259259259259259, 0.09259259259259259, 0.09259259259259259, 0.36, 0.09259259259259259, 0.09259259259259259, 0.09259259259259259, 0.0, 0.09259259259259259, 0.17391304347826086, 0.0, 0.09259259259259259, 0.09259259259259259, 0.09259259259259259, 0.15606936416184972, 0.3333333333333333, 1.0, 1.0, 1.0, 1.0, 0.0, 1.0, 1.0, 1.0, 1.0, 1.0, 0.15606936416184972, 1.0, 1.0, 1.0, 1.0, 1.0, 1.0, 0.39285714285714285, 1.0, 0.15606936416184972, 1.0, 0.3333333333333333, 0.3333333333333333, 0.15606936416184972, 0.0, 0.0, 0.0, 0.0, 0.15606936416184972, 0.15606936416184972, 0.15606936416184972, 0.15606936416184972, 0.15606936416184972, 0.15606936416184972, 0.15606936416184972, 0.0, 0.15606936416184972, 0.15606936416184972, 0.15606936416184972, 0.15606936416184972, 0.65, 1.0, 1.0, 1.0, 1.0, 1.0, 0.08450704225352113, 0.08450704225352113, 0.0, 1.0, 0.1917808219178082, 1.0, 0.4230769230769231, 1.0, 1.0, 0.5, 0.4230769230769231, 1.0, 1.0, 0.1917808219178082, 1.0, 1.0, 0.08450704225352113, 0.08450704225352113, 0.4230769230769231, 0.1917808219178082, 0.08450704225352113, 0.1917808219178082, 0.4230769230769231, 0.08450704225352113, 0.0, 0.08450704225352113, 0.1917808219178082, 0.1917808219178082, 0.1917808219178082, 1.0, 0.4230769230769231, 0.1917808219178082, 0.1917808219178082, 0.08450704225352113, 0.0, 0.1917808219178082, 0.2857142857142857, 1.0, 1.0, 1.0, 0.19444444444444445, 0.0, 0.2857142857142857, 1.0, 1.0, 1.0, 1.0, 1.0, 0.0, 1.0, 1.0, 1.0, 0.0, 0.3157894736842105, 1.0, 1.0, 0.5, 1.0, 0.15384615384615385, 0.19444444444444445, 0.75, 0.0, 0.15384615384615385, 0.3157894736842105, 0.19444444444444445, 0.3157894736842105, 0.0, 0.19444444444444445, 0.15384615384615385, 0.15384615384615385, 0.3157894736842105, 0.0, 0.0, 0.75, 0.19444444444444445, 0.3157894736842105, 0.0, 0.75, 0.75, 0.75, 1.0, 1.0, 0.3333333333333333, 1.0, 1.0, 1.0, 1.0, 1.0, 1.0, 1.0, 1.0, 1.0, 1.0, 1.0, 1.0, 1.0, 1.0, 0.12149532710280374, 0.3333333333333333, 1.0, 1.0, 0.8333333333333334, 0.0, 0.3333333333333333, 0.0, 0.12149532710280374, 0.12149532710280374, 0.12149532710280374, 0.12149532710280374, 0.12149532710280374, 0.0, 0.8333333333333334, 0.12149532710280374, 0.21739130434782608, 0.0, 0.043478260869565216, 1.0, 0.12149532710280374, 0.12149532710280374, 0.3333333333333333, 1.0, 1.0, 1.0, 0.0, 1.0, 1.0, 1.0, 1.0, 0.0, 1.0, 1.0, 1.0, 0.15, 0.16216216216216217, 0.3333333333333333, 1.0, 1.0, 1.0, 0.3333333333333333, 0.15151515151515152, 0.15, 0.32142857142857145, 1.0, 0.15, 0.0, 0.0, 0.15, 0.0, 0.15, 0.5, 0.16216216216216217, 0.15151515151515152, 0.3333333333333333, 0.3333333333333333, 0.15, 1.0, 0.32142857142857145, 0.16216216216216217, 0.32142857142857145, 0.15151515151515152, 0.0, 0.15151515151515152]

Predicted Target Categ:
[1, 1, 1, 1, 1, 1, 0, 1, 1, 0, 1, 1, 1, 0, 0, 1, 1, 1, 1, 0, 0, 0, 0, 1, 0, 0, 0, 0, 0, 0, 0, 0, 0, 0, 0, 0, 0, 0, 0, 0, 0, 0, 0, 1, 1, 1, 0, 1, 1, 0, 1, 0, 0, 0, 0, 1, 1, 1, 1, 1, 0, 1, 0, 1, 0, 0, 0, 0, 0, 0, 0, 0, 0, 0, 0, 0, 0, 0, 0, 0, 0, 0, 0, 0, 0, 0, 1, 0, 1, 1, 0, 1, 1, 1, 1, 1, 1, 1, 1, 1, 0, 0, 1, 0, 1, 1, 1, 0, 0, 0, 0, 0, 1, 0, 0, 0, 0, 0, 0, 0, 0, 0, 0, 0, 0, 1, 0, 0, 1, 1, 1, 0, 0, 0, 1, 1, 0, 1, 1, 0, 0, 1, 0, 0, 0, 0, 1, 1, 1, 1, 1, 1, 0, 0, 0, 0, 0, 0, 0, 0, 0, 0, 0, 0, 0, 0, 0, 0, 0, 0, 0, 0, 0, 1, 1, 1, 1, 0, 1, 1, 1, 1, 1, 0, 1, 1, 1, 1, 1, 1, 0, 1, 0, 1, 0, 0, 0, 0, 0, 0, 0, 0, 0, 0, 0, 0, 0, 0, 0, 0, 0, 0, 0, 1, 1, 1, 1, 1, 1, 0, 0, 0, 1, 0, 1, 0, 1, 1, 0, 0, 1, 1, 0, 1, 1, 0, 0, 0, 0, 0, 0, 0, 0, 0, 0, 0, 0, 0, 1, 0, 0, 0, 0, 0, 0, 0, 1, 1, 1, 0, 0, 0, 1, 1, 1, 1, 1, 0, 1, 1, 1, 0, 0, 1, 1, 0, 1, 0, 0, 1, 0, 0, 0, 0, 0, 0, 0, 0, 0, 0, 0, 0, 1, 0, 0, 0, 1, 1, 1, 1, 1, 0, 1, 1, 1, 1, 1, 1, 1, 1, 1, 1, 1, 1, 1, 1, 0, 0, 1, 1, 1, 0, 0, 0, 0, 0, 0, 0, 0, 0, 1, 0, 0, 0, 0, 1, 0, 0, 0, 1, 1, 1, 0, 1, 1, 1, 1, 0, 1, 1, 1, 0, 0, 0, 1, 1, 1, 0, 0, 0, 0, 1, 0, 0, 0, 0, 0, 0, 0, 0, 0, 0, 0, 0, 1, 0, 0, 0, 0, 0, 0]

Real Target:
[1, 1, 1, 1, 1, 1, 1, 1, 1, 1, 1, 1, 1, 1, 1, 1, 1, 1, 1, 1, 0, 0, 1, 1, 0, 0, 0, 0, 0, 0, 0, 0, 0, 0, 0, 0, 0, 0, 0, 0, 0, 0, 0, 1, 1, 1, 1, 1, 1, 1, 1, 1, 1, 1, 1, 1, 1, 1, 1, 0, 0, 1, 1, 1, 1, 1, 0, 0, 0, 0, 0, 0, 0, 0, 0, 0, 0, 0, 0, 0, 0, 0, 0, 0, 0, 0, 1, 1, 1, 1, 1, 1, 1, 1, 1, 1, 1, 1, 1, 1, 1, 1, 1, 1, 1, 1, 1, 0, 0, 0, 0, 0, 0, 0, 0, 0, 0, 0, 0, 0, 0, 0, 0, 0, 0, 0, 0, 0, 0, 1, 1, 1, 1, 1, 1, 1, 1, 1, 1, 1, 1, 1, 0, 0, 1, 1, 1, 1, 1, 1, 1, 1, 0, 0, 0, 0, 0, 0, 0, 0, 0, 0, 0, 0, 0, 0, 0, 0, 0, 0, 0, 1, 1, 1, 1, 1, 1, 1, 1, 1, 1, 1, 1, 1, 1, 1, 1, 1, 1, 1, 0, 0, 0, 1, 1, 0, 0, 0, 0, 0, 0, 0, 0, 0, 0, 0, 0, 0, 0, 0, 0, 0, 0, 1, 1, 1, 1, 1, 1, 1, 1, 1, 1, 1, 1, 0, 1, 1, 1, 1, 1, 1, 1, 1, 1, 0, 0, 0, 0, 0, 0, 0, 0, 0, 0, 0, 0, 0, 0, 0, 0, 0, 0, 0, 0, 1, 1, 1, 1, 1, 1, 1, 1, 1, 1, 1, 1, 1, 1, 1, 1, 1, 1, 1, 0, 1, 1, 0, 0, 0, 0, 0, 0, 0, 0, 0, 0, 0, 0, 0, 0, 0, 0, 0, 0, 0, 0, 1, 1, 1, 1, 1, 1, 1, 1, 1, 1, 1, 1, 1, 1, 1, 1, 1, 1, 1, 0, 0, 1, 1, 0, 0, 0, 0, 0, 0, 0, 0, 0, 0, 0, 0, 0, 0, 0, 0, 0, 0, 0, 1, 1, 1, 1, 1, 1, 1, 1, 1, 1, 1, 1, 1, 1, 1, 1, 1, 1, 0, 0, 1, 1, 1, 0, 0, 0, 0, 0, 0, 0, 0, 0, 0, 0, 0, 0, 0, 0, 0, 0, 0, 0]


