Algorithm is: C4.5


Accurracy avg: 0.7665400443178221

Acurracy std: 0.05267208152311357

Precission avg: 0.8051902128372717

Precission std: 0.03842933822394802

Recall avg: 0.9367484367484368

Recall std: 0.08983641747173435

AUC avg: 0.7475949975949976

AUC std: 0.08227705498916926

Confusion matrix sum:
['TN', 'FP', 'FN', 'TP']
[[6, 44], [12, 178]]

Predicted Target Prob:
[0.5740740740740741, 1.0, 0.5740740740740741, 1.0, 0.5740740740740741, 1.0, 0.5740740740740741, 1.0, 0.5740740740740741, 0.5740740740740741, 1.0, 1.0, 0.5740740740740741, 1.0, 0.5740740740740741, 1.0, 1.0, 1.0, 0.5740740740740741, 0.5740740740740741, 0.5740740740740741, 0.5740740740740741, 0.0, 0.5740740740740741, 0.5740740740740741, 0.5740740740740741, 0.5740740740740741, 1.0, 0.5871559633027523, 1.0, 0.5871559633027523, 1.0, 0.5871559633027523, 0.5871559633027523, 0.5871559633027523, 0.5871559633027523, 0.5871559633027523, 0.5871559633027523, 0.5871559633027523, 0.5871559633027523, 0.5871559633027523, 1.0, 1.0, 0.5871559633027523, 0.5871559633027523, 1.0, 0.5871559633027523, 0.5871559633027523, 0.5871559633027523, 1.0, 0.5871559633027523, 0.5871559633027523, 0.5871559633027523, 0.5871559633027523, 0.6341463414634146, 0.6341463414634146, 1.0, 1.0, 0.6341463414634146, 1.0, 1.0, 1.0, 1.0, 1.0, 1.0, 1.0, 1.0, 1.0, 0.6341463414634146, 0.6341463414634146, 1.0, 0.6341463414634146, 1.0, 0.6341463414634146, 1.0, 0.6341463414634146, 0.6341463414634146, 0.6341463414634146, 0.6341463414634146, 0.6341463414634146, 0.6341463414634146, 1.0, 1.0, 0.6528925619834711, 1.0, 0.6528925619834711, 0.0, 1.0, 1.0, 1.0, 0.6528925619834711, 0.6528925619834711, 0.0, 0.6528925619834711, 0.6528925619834711, 0.6528925619834711, 0.6528925619834711, 0.0, 0.6528925619834711, 1.0, 0.6528925619834711, 1.0, 1.0, 0.6528925619834711, 0.6528925619834711, 0.6528925619834711, 0.6528925619834711, 0.6528925619834711, 0.5892857142857143, 0.5892857142857143, 1.0, 1.0, 1.0, 1.0, 0.5892857142857143, 1.0, 1.0, 1.0, 1.0, 1.0, 0.5892857142857143, 0.5892857142857143, 1.0, 1.0, 0.5892857142857143, 1.0, 0.5892857142857143, 0.5892857142857143, 0.5892857142857143, 1.0, 0.5892857142857143, 0.5892857142857143, 0.5892857142857143, 0.5892857142857143, 0.5892857142857143, 0.5858585858585859, 1.0, 1.0, 0.5858585858585859, 1.0, 1.0, 0.5858585858585859, 0.5858585858585859, 0.5858585858585859, 1.0, 0.5858585858585859, 1.0, 0.0, 1.0, 1.0, 1.0, 0.5858585858585859, 1.0, 0.5858585858585859, 0.5858585858585859, 1.0, 1.0, 0.0, 0.5858585858585859, 0.5858585858585859, 0.5858585858585859, 0.5858585858585859, 1.0, 1.0, 1.0, 1.0, 0.4945054945054945, 0.4945054945054945, 1.0, 1.0, 1.0, 1.0, 1.0, 1.0, 1.0, 0.4945054945054945, 1.0, 1.0, 1.0, 1.0, 0.4945054945054945, 0.4945054945054945, 0.4945054945054945, 0.4945054945054945, 0.4945054945054945, 1.0, 1.0, 0.4945054945054945, 1.0, 0.0, 1.0, 1.0, 0.6017699115044248, 1.0, 1.0, 0.6017699115044248, 1.0, 1.0, 1.0, 1.0, 1.0, 1.0, 1.0, 0.6017699115044248, 0.6017699115044248, 1.0, 0.6017699115044248, 0.6017699115044248, 0.6017699115044248, 1.0, 0.6017699115044248, 0.6017699115044248, 0.6017699115044248, 0.0, 1.0, 1.0, 1.0, 1.0, 1.0, 1.0, 1.0, 1.0, 0.5849056603773585, 1.0, 1.0, 1.0, 0.5849056603773585, 0.5849056603773585, 0.5849056603773585, 1.0, 1.0, 0.5849056603773585, 0.5849056603773585, 1.0, 0.5849056603773585, 0.0, 0.5849056603773585, 1.0, 0.5849056603773585, 0.5849056603773585]

Predicted Target Categ:
[1, 1, 1, 1, 1, 1, 1, 1, 1, 1, 1, 1, 1, 1, 1, 1, 1, 1, 1, 1, 1, 1, 0, 1, 1, 1, 1, 1, 1, 1, 1, 1, 1, 1, 1, 1, 1, 1, 1, 1, 1, 1, 1, 1, 1, 1, 1, 1, 1, 1, 1, 1, 1, 1, 1, 1, 1, 1, 1, 1, 1, 1, 1, 1, 1, 1, 1, 1, 1, 1, 1, 1, 1, 1, 1, 1, 1, 1, 1, 1, 1, 1, 1, 1, 1, 1, 0, 1, 1, 1, 1, 1, 0, 1, 1, 1, 1, 0, 1, 1, 1, 1, 1, 1, 1, 1, 1, 1, 1, 1, 1, 1, 1, 1, 1, 1, 1, 1, 1, 1, 1, 1, 1, 1, 1, 1, 1, 1, 1, 1, 1, 1, 1, 1, 1, 1, 1, 1, 1, 1, 1, 1, 1, 1, 1, 1, 1, 0, 1, 1, 1, 1, 1, 1, 1, 1, 1, 0, 1, 1, 1, 1, 1, 1, 1, 1, 0, 0, 1, 1, 1, 1, 1, 1, 1, 0, 1, 1, 1, 1, 0, 0, 0, 0, 0, 1, 1, 0, 1, 0, 1, 1, 1, 1, 1, 1, 1, 1, 1, 1, 1, 1, 1, 1, 1, 1, 1, 1, 1, 1, 1, 1, 1, 0, 1, 1, 1, 1, 1, 1, 1, 1, 1, 1, 1, 1, 1, 1, 1, 1, 1, 1, 1, 1, 1, 0, 1, 1, 1, 1]

Real Target:
[1, 1, 1, 1, 1, 1, 1, 1, 1, 1, 1, 1, 1, 1, 1, 1, 1, 1, 1, 1, 0, 1, 1, 0, 0, 0, 0, 1, 1, 1, 1, 1, 1, 1, 1, 1, 1, 1, 1, 1, 1, 1, 1, 0, 0, 1, 1, 1, 1, 1, 0, 0, 0, 0, 1, 1, 1, 1, 1, 1, 1, 1, 1, 1, 1, 1, 1, 1, 1, 1, 1, 1, 1, 1, 1, 0, 0, 0, 0, 0, 0, 1, 1, 1, 1, 1, 1, 1, 1, 1, 1, 1, 1, 1, 0, 0, 0, 1, 1, 1, 1, 1, 1, 1, 1, 0, 0, 0, 1, 1, 1, 1, 1, 1, 1, 1, 1, 1, 1, 1, 1, 1, 1, 1, 1, 1, 1, 0, 1, 1, 0, 0, 0, 0, 0, 1, 1, 1, 1, 1, 1, 1, 1, 1, 1, 1, 1, 0, 1, 1, 1, 1, 1, 1, 1, 1, 1, 0, 0, 0, 0, 0, 1, 1, 1, 1, 1, 1, 1, 1, 1, 1, 1, 1, 1, 1, 1, 1, 1, 1, 1, 0, 0, 1, 1, 0, 0, 0, 1, 1, 1, 1, 1, 1, 1, 1, 1, 1, 1, 1, 1, 1, 1, 1, 1, 1, 1, 0, 1, 1, 0, 0, 0, 0, 1, 1, 1, 1, 1, 1, 1, 1, 1, 1, 1, 1, 1, 1, 1, 1, 1, 1, 0, 0, 0, 1, 1, 1, 0, 0]


