Algorithm is: C4.5


Accurracy avg: 0.753877809433365

Acurracy std: 0.04545416056455663

Precission avg: 0.8201707476004151

Precission std: 0.053284431015599286

Recall avg: 0.8953823953823954

Recall std: 0.10569431502008651

AUC avg: 0.7615279781946449

AUC std: 0.10460444415726683

Confusion matrix sum:
['TN', 'FP', 'FN', 'TP']
[[11, 39], [20, 170]]

Predicted Target Prob:
[1.0, 1.0, 1.0, 1.0, 1.0, 1.0, 1.0, 1.0, 1.0, 0.29411764705882354, 0.0, 1.0, 1.0, 1.0, 1.0, 1.0, 1.0, 1.0, 1.0, 0.29411764705882354, 0.29411764705882354, 0.0, 0.0, 1.0, 0.0, 0.29411764705882354, 0.29411764705882354, 1.0, 0.6923076923076923, 1.0, 0.5142857142857142, 1.0, 1.0, 1.0, 0.6923076923076923, 0.5142857142857142, 0.5142857142857142, 0.5142857142857142, 0.5142857142857142, 1.0, 0.5142857142857142, 1.0, 1.0, 0.5142857142857142, 0.5142857142857142, 1.0, 0.5142857142857142, 0.6923076923076923, 0.5142857142857142, 1.0, 0.5142857142857142, 0.5142857142857142, 0.5142857142857142, 0.5142857142857142, 0.5076923076923077, 0.5076923076923077, 1.0, 1.0, 1.0, 1.0, 1.0, 1.0, 1.0, 1.0, 1.0, 1.0, 1.0, 1.0, 0.5076923076923077, 1.0, 1.0, 1.0, 1.0, 0.5076923076923077, 1.0, 0.5076923076923077, 0.5076923076923077, 0.5076923076923077, 0.5076923076923077, 0.5076923076923077, 0.5076923076923077, 1.0, 1.0, 0.0, 1.0, 1.0, 1.0, 1.0, 1.0, 1.0, 1.0, 0.6153846153846154, 1.0, 1.0, 1.0, 0.6153846153846154, 0.6153846153846154, 0.0, 1.0, 1.0, 1.0, 0.0, 1.0, 1.0, 1.0, 1.0, 0.6153846153846154, 0.0, 1.0, 1.0, 1.0, 1.0, 1.0, 1.0, 0.0, 1.0, 1.0, 1.0, 1.0, 1.0, 0.5606060606060606, 0.5606060606060606, 1.0, 1.0, 0.0, 1.0, 1.0, 0.5606060606060606, 0.5606060606060606, 1.0, 0.0, 0.5606060606060606, 0.5606060606060606, 0.5606060606060606, 0.5606060606060606, 1.0, 1.0, 1.0, 0.547945205479452, 1.0, 1.0, 0.547945205479452, 0.547945205479452, 0.547945205479452, 1.0, 0.547945205479452, 1.0, 1.0, 1.0, 1.0, 1.0, 0.547945205479452, 1.0, 1.0, 0.547945205479452, 1.0, 1.0, 0.0, 0.547945205479452, 0.547945205479452, 0.547945205479452, 0.547945205479452, 1.0, 1.0, 1.0, 1.0, 0.5396825396825397, 0.0, 1.0, 1.0, 1.0, 1.0, 1.0, 1.0, 1.0, 1.0, 1.0, 1.0, 1.0, 1.0, 0.0, 1.0, 0.0, 0.0, 0.0, 1.0, 1.0, 0.5396825396825397, 1.0, 1.0, 1.0, 1.0, 0.5394736842105263, 1.0, 1.0, 1.0, 1.0, 1.0, 1.0, 1.0, 1.0, 1.0, 1.0, 1.0, 1.0, 1.0, 0.5394736842105263, 0.5394736842105263, 1.0, 1.0, 0.5394736842105263, 0.5394736842105263, 0.5394736842105263, 1.0, 1.0, 1.0, 1.0, 1.0, 1.0, 1.0, 1.0, 1.0, 0.410958904109589, 1.0, 1.0, 1.0, 1.0, 0.410958904109589, 0.410958904109589, 0.0, 1.0, 0.0, 1.0, 1.0, 0.410958904109589, 1.0, 0.410958904109589, 1.0, 0.410958904109589, 0.410958904109589]

Predicted Target Categ:
[1, 1, 1, 1, 1, 1, 1, 1, 1, 0, 0, 1, 1, 1, 1, 1, 1, 1, 1, 0, 0, 0, 0, 1, 0, 0, 0, 1, 1, 1, 1, 1, 1, 1, 1, 1, 1, 1, 1, 1, 1, 1, 1, 1, 1, 1, 1, 1, 1, 1, 1, 1, 1, 1, 1, 1, 1, 1, 1, 1, 1, 1, 1, 1, 1, 1, 1, 1, 1, 1, 1, 1, 1, 1, 1, 1, 1, 1, 1, 1, 1, 1, 1, 0, 1, 1, 1, 1, 1, 1, 1, 1, 1, 1, 1, 1, 1, 0, 1, 1, 1, 0, 1, 1, 1, 1, 1, 0, 1, 1, 1, 1, 1, 1, 0, 1, 1, 1, 1, 1, 1, 1, 1, 1, 0, 1, 1, 1, 1, 1, 0, 1, 1, 1, 1, 1, 1, 1, 1, 1, 1, 1, 1, 1, 1, 1, 1, 1, 1, 1, 1, 1, 1, 1, 1, 1, 1, 0, 1, 1, 1, 1, 1, 1, 1, 1, 1, 0, 1, 1, 1, 1, 1, 1, 1, 1, 1, 1, 1, 1, 0, 1, 0, 0, 0, 1, 1, 1, 1, 1, 1, 1, 1, 1, 1, 1, 1, 1, 1, 1, 1, 1, 1, 1, 1, 1, 1, 1, 1, 1, 1, 1, 1, 1, 1, 1, 1, 1, 1, 1, 1, 1, 0, 1, 1, 1, 1, 0, 0, 0, 1, 0, 1, 1, 0, 1, 0, 1, 0, 0]

Real Target:
[1, 1, 1, 1, 1, 1, 1, 1, 1, 1, 1, 1, 1, 1, 1, 1, 1, 1, 1, 1, 0, 1, 1, 0, 0, 0, 0, 1, 1, 1, 1, 1, 1, 1, 1, 1, 1, 1, 1, 1, 1, 1, 1, 0, 0, 1, 1, 1, 1, 1, 0, 0, 0, 0, 1, 1, 1, 1, 1, 1, 1, 1, 1, 1, 1, 1, 1, 1, 1, 1, 1, 1, 1, 1, 1, 0, 0, 0, 0, 0, 0, 1, 1, 1, 1, 1, 1, 1, 1, 1, 1, 1, 1, 1, 0, 0, 0, 1, 1, 1, 1, 1, 1, 1, 1, 0, 0, 0, 1, 1, 1, 1, 1, 1, 1, 1, 1, 1, 1, 1, 1, 1, 1, 1, 1, 1, 1, 0, 1, 1, 0, 0, 0, 0, 0, 1, 1, 1, 1, 1, 1, 1, 1, 1, 1, 1, 1, 0, 1, 1, 1, 1, 1, 1, 1, 1, 1, 0, 0, 0, 0, 0, 1, 1, 1, 1, 1, 1, 1, 1, 1, 1, 1, 1, 1, 1, 1, 1, 1, 1, 1, 0, 0, 1, 1, 0, 0, 0, 1, 1, 1, 1, 1, 1, 1, 1, 1, 1, 1, 1, 1, 1, 1, 1, 1, 1, 1, 0, 1, 1, 0, 0, 0, 0, 1, 1, 1, 1, 1, 1, 1, 1, 1, 1, 1, 1, 1, 1, 1, 1, 1, 1, 0, 0, 0, 1, 1, 1, 0, 0]


